0 102.09902
1 99.50244
2 98.45945
3 97.73956
4 96.99624
5 100.73713
6 99.12027
7 98.34177
8 99.25244
9 101.10137
10 101.19000
11 103.95021
12 101.59728
13 99.55127
14 98.73010
15 98.96093
16 99.45351
17 99.86509
18 100.04900
19 102.45713
20 99.50491
21 99.17070
22 102.37556
23 101.47480
24 102.06351
25 101.49748
26 97.80155
27 99.67705
28 99.36656
29 99.91758
30 100.93618
31 99.61323
32 99.50711
33 98.81185
34 97.02025
35 96.53227
36 96.79912
37 94.91473
38 96.57456
39 98.57458
40 96.45277
41 97.48264
42 98.94346
43 100.16998
44 99.85127
45 98.21168
46 95.92537
47 98.03615
48 97.18613
49 95.26360
50 97.81546
51 101.94390
52 103.69832
53 106.20266
54 104.20022
55 106.65879
56 103.13217
57 101.77572
58 104.76233
59 102.23088
60 102.93049
61 100.26310
62 100.96352
63 103.55513
64 101.96933
65 101.65690
66 99.32685
67 99.06460
68 101.04131
69 100.16494
70 101.28115
71 103.71244
72 101.57249
73 103.03049
74 101.98236
75 104.95291
76 103.05939
77 101.49974
78 97.65120
79 95.48609
80 94.33824
81 93.95359
82 92.62369
83 93.62490
84 95.98090
85 97.54351
86 102.54266
87 103.29107
88 102.36460
89 103.40612
90 105.42510
91 103.83981
92 107.52772
93 108.77190
94 108.20763
95 107.12719
96 107.24938
97 110.09213
98 113.00752
99 112.83795
100 113.09814
101 111.51957
102 111.68233
103 115.46269
104 117.59950
105 119.24168
106 117.94469
107 121.28102
108 117.73495
109 117.81993
110 114.99509
111 115.19477
112 115.10870
113 114.24476
114 113.97549
115 113.07171
116 113.73645
117 118.31470
118 120.29009
119 119.74875
120 120.78551
121 123.08072
122 123.23245
123 123.82525
124 123.08524
125 122.65484
126 121.49666
127 119.44020
128 117.88589
129 117.50298
130 118.67455
131 119.45217
132 115.81614
133 115.48886
134 113.15728
135 113.81505
136 112.63436
137 112.45819
138 113.34379
139 115.50947
140 115.14742
141 117.91709
142 117.84437
143 115.38632
144 115.28411
145 114.81375
146 112.92666
147 115.31353
148 112.01430
149 107.39890
150 108.09163
151 106.12217
152 108.69508
153 107.50890
154 104.21826
155 105.87089
156 100.59385
157 102.99805
158 103.45365
159 102.13932
160 101.97767
161 102.96676
162 102.65503
163 102.07660
164 100.64088
165 100.81253
166 101.36172
167 102.23977
168 101.90698
169 103.81534
170 103.86252
171 105.64894
172 103.67740
173 103.16542
174 102.59870
175 102.09743
176 102.10278
177 100.39681
178 99.34882
179 102.50870
180 102.13577
181 100.61309
182 101.69446
183 99.56636
184 101.11511
185 104.63415
186 103.35713
187 103.97281
188 101.19767
189 101.02669
190 105.46164
191 104.90121
192 106.54681
193 106.77415
194 104.80226
195 106.58024
196 109.46615
197 106.10091
198 105.14872
199 104.51754
200 102.19307
201 101.08150
202 103.31637
203 102.27813
204 100.55135
205 99.87256
206 98.10354
207 99.83659
208 99.78375
209 98.19583
210 100.21073
211 97.86863
212 100.98334
213 102.48281
214 100.92546
215 103.00094
216 103.64277
217 100.25066
218 100.31959
219 98.41436
220 97.67136
221 99.25866
222 98.55860
223 100.09558
224 100.61828
225 102.01787
226 103.60908
227 103.89113
228 103.93949
229 104.83884
230 104.88465
231 107.66076
232 107.49163
233 107.74057
234 107.84886
235 107.19949
236 106.65675
237 107.96784
238 107.94591
239 110.69805
240 110.60603
241 108.09234
242 108.68246
243 108.55155
244 108.79503
245 108.95322
246 106.66029
247 107.28150
248 107.91959
249 111.09620
250 108.53738
251 108.43985
